2026087,4,6,10,18,23,31,11
2026086,2,5,14,25,30,32,5
2026085,6,9,13,17,24,28,15
2026084,1,5,6,10,12,16,5
2026083,7,14,15,23,28,33,3
2026082,5,7,10,14,21,28,4
2026081,6,10,12,15,24,27,12
2026080,4,5,11,19,27,32,1
2026079,1,11,17,22,24,29,4
2026078,7,11,14,16,27,28,6
2026077,1,4,5,14,18,25,4
2026076,1,3,19,20,24,25,7
2026075,8,12,18,21,24,30,1
2026074,2,23,24,26,28,32,4
2026073,9,10,13,16,19,21,8
2026072,7,8,12,15,17,21,1
2026071,3,8,19,25,31,33,5
2026070,3,6,8,14,26,27,8
2026069,12,14,16,17,18,32,8
2026068,3,5,16,18,29,32,4
2026067,4,19,27,29,30,32,13
2026066,5,11,21,23,24,29,16
2026065,7,8,16,24,30,32,2
2026064,1,9,15,18,29,33,15
2026063,2,8,25,28,30,31,2
2026062,2,4,7,14,28,29,9
2026061,1,4,5,15,23,28,7
2026060,7,9,10,16,22,27,11
2026059,8,16,26,28,29,30,15
2026058,1,4,7,21,29,30,1
2026057,1,10,22,24,28,30,7
2026056,10,19,21,22,31,33,5
2026055,4,11,24,25,32,33,13
2026054,13,20,25,29,30,33,2
2026053,1,2,3,8,13,14,2
2026052,1,3,11,22,26,31,11
2026051,9,14,15,16,29,30,10
2026050,6,9,25,27,28,30,3
2026049,3,4,14,15,18,20,2
2026048,9,15,18,24,28,33,1
2026047,7,16,21,24,27,30,7
2026046,2,9,10,24,31,33,16
2026045,4,11,15,17,24,30,15
2026044,2,14,17,18,22,30,1
2026043,6,9,14,16,25,32,16
2026042,2,7,12,19,24,31,10
2026041,2,8,10,17,19,24,13
2026040,3,4,14,22,23,33,4
2026039,8,17,18,21,25,30,5
2026038,1,2,13,23,25,27,5
2026037,11,22,27,29,31,33,12
2026036,6,10,12,15,22,28,8
2026035,2,6,12,24,25,32,2
2026034,1,3,7,13,22,23,7
2026033,3,6,13,21,28,29,6
2026032,1,3,11,18,31,33,2
2026031,3,10,12,13,18,33,8
2026030,10,11,14,19,22,24,4
2026029,6,19,22,23,28,31,5
2026028,2,6,9,17,25,28,15
2026027,2,13,17,18,25,26,13
2026026,2,9,16,22,25,29,3
2026025,2,3,15,20,23,24,10
2026024,1,2,13,21,23,29,14
2026023,1,3,8,10,23,29,6
2026022,15,18,23,25,28,32,11
2026021,3,13,25,26,30,31,4
2026020,1,13,14,21,24,30,2
2026019,7,8,16,17,18,30,1
2026018,11,15,17,22,25,30,7
2026017,1,3,5,18,29,32,4
2026016,4,5,9,10,27,30,13
2026015,7,10,13,22,27,31,12
2026014,7,13,19,22,26,32,1
2026013,4,9,12,13,16,20,1
2026012,3,5,7,16,20,24,8
2026011,2,3,4,20,31,32,4
2026010,4,9,10,15,19,26,12
2026009,3,6,13,19,23,25,10
2026008,6,9,16,27,31,33,10
2026007,9,13,19,27,29,30,1
2026006,2,6,22,23,24,28,15
2026005,1,20,22,27,30,33,10
2026004,3,7,8,9,18,32,10
2026003,5,6,9,21,28,30,16
2026002,1,5,7,18,30,32,2
2026001,2,6,11,12,13,33,15
2025151,8,9,14,22,28,30,4
2025150,6,13,17,19,24,31,8
2025149,1,2,4,6,22,30,10
2025148,3,4,9,10,15,22,16
2025147,1,3,5,8,22,33,8
2025146,5,7,12,24,26,28,2
2025145,11,12,15,18,25,32,14
2025144,1,8,15,20,26,33,13
2025143,2,9,12,13,15,24,3
2025142,2,13,15,23,27,31,16
2025141,2,4,5,10,12,13,6
2025140,1,3,4,12,18,24,5
2025139,2,5,17,22,30,33,6
2025138,10,13,14,23,24,27,15
2025137,2,8,11,23,27,29,5
2025136,8,10,14,23,28,32,12
2025135,1,2,5,9,25,32,10
2025134,3,5,9,13,26,29,12
2025133,5,14,17,19,20,33,7
2025132,4,8,10,21,23,32,11
2025131,3,13,14,18,24,31,3
2025130,1,5,8,14,19,23,6
2025129,3,4,7,13,20,30,3
2025128,2,10,18,19,24,27,1
2025127,3,9,15,17,19,28,3
2025126,2,12,13,16,19,25,10
2025125,3,9,12,13,26,32,9
2025124,1,2,18,19,21,33,13
2025123,7,9,23,24,25,26,10
2025122,16,18,19,20,25,31,13
2025121,6,8,10,25,29,30,8
2025120,1,2,4,7,13,32,7
2025119,6,9,23,26,28,32,11
2025118,1,10,11,16,24,26,3
2025117,6,8,17,20,25,33,10
2025116,2,4,8,24,28,31,9
2025115,2,3,8,19,24,30,2
2025114,1,20,21,25,26,27,10
2025113,8,10,13,15,24,31,16
2025112,3,9,11,13,20,32,2
2025111,9,14,18,28,31,33,12
2025110,1,5,11,14,16,19,8
2025109,5,6,9,17,18,31,3
2025108,1,9,14,17,22,33,7
2025107,2,3,10,15,25,33,13
2025106,4,5,17,22,26,30,4
2025105,4,7,18,24,26,28,8
2025104,2,5,15,16,24,32,16
2025103,13,16,21,25,28,31,16
2025102,4,9,16,17,18,31,7
2025101,5,8,9,10,16,21,5
2025100,12,16,17,25,30,31,16
2025099,9,11,15,17,22,26,14
2025098,5,8,13,17,18,29,2
2025097,3,5,16,23,26,31,14
2025096,7,9,11,12,16,29,15
2025095,15,16,22,23,26,32,4
2025094,11,13,17,19,23,29,16
2025093,9,11,12,24,25,26,10
2025092,2,11,14,17,23,24,12
2025091,3,4,17,19,25,27,14
2025090,6,11,12,21,27,28,15
2025089,4,6,8,18,31,33,5
2025088,1,3,13,18,21,25,6
2025087,2,6,14,15,24,26,8
2025086,2,6,8,10,17,24,6
2025085,11,14,15,18,21,24,13
2025084,6,8,10,14,24,33,15
2025083,10,15,16,17,27,29,12
2025082,4,6,9,14,32,33,11
2025081,3,6,18,20,23,28,5
2025080,3,7,8,10,16,19,5
2025079,8,11,14,15,30,32,5
2025078,6,15,17,30,32,33,14
2025077,4,7,8,15,20,21,15
2025076,2,6,9,12,14,30,8
2025075,10,12,14,19,20,21,15
2025074,3,4,12,20,32,33,13
2025073,2,7,10,27,30,33,11
2025072,2,14,17,25,27,29,5
2025071,1,12,18,23,25,28,7
2025070,2,3,15,21,22,33,6
2025069,2,4,19,23,27,30,5
2025068,5,7,8,19,20,31,7
2025067,1,5,10,17,20,22,5
2025066,6,22,24,27,28,30,4
2025065,6,10,13,14,15,20,11
2025064,2,10,13,22,29,33,16
2025063,2,19,21,22,28,30,1
2025062,6,8,9,13,25,31,14
2025061,6,7,9,10,11,32,9
2025060,6,14,18,25,28,30,1
2025059,4,10,11,12,13,24,1
2025058,2,6,7,9,10,20,6
2025057,4,9,15,16,25,30,14
2025056,1,2,10,14,28,31,3
2025055,2,5,22,27,29,33,12
2025054,5,7,10,21,24,27,16
2025053,6,9,10,13,30,33,7
2025052,6,7,10,17,20,26,9
2025051,1,2,3,4,17,22,1
2025050,9,12,15,18,22,33,16
2025049,3,6,19,27,29,33,11
2025048,16,21,22,23,27,31,10
2025047,1,14,21,22,23,31,12
2025046,2,3,10,16,29,33,1
2025045,2,14,19,24,29,33,13
2025044,2,3,7,8,14,28,11
2025043,3,12,16,19,20,32,13
2025042,7,13,19,23,27,33,12
2025041,6,10,17,19,25,31,6
2025040,2,6,8,9,10,24,11
2025039,8,10,12,15,17,23,11
2025038,6,19,20,23,26,33,9
2025037,3,6,11,20,21,31,2
2025036,5,11,13,16,19,32,7
2025035,1,8,16,18,25,31,1
2025034,5,8,13,14,24,26,12
2025033,3,5,18,25,26,33,8
2025032,3,8,10,14,16,21,3
2025031,1,5,6,8,23,28,1
2025030,4,6,7,30,31,33,6
2025029,5,15,16,25,30,33,16
2025028,4,9,14,15,18,25,15
2025027,5,7,8,15,16,23,6
2025026,9,10,12,14,19,32,7
2025025,12,15,21,23,25,30,2
2025024,10,11,22,27,30,32,15
2025023,9,12,13,24,25,33,7
2025022,11,17,18,20,28,30,10
2025021,7,8,16,18,25,32,14
2025020,4,11,13,16,26,30,15
2025019,5,13,17,18,22,23,11
2025018,3,9,18,21,28,29,11
2025017,4,12,15,18,28,29,5
2025016,2,3,12,16,20,29,14
2025015,4,11,15,24,25,33,15
2025014,6,7,9,13,21,27,5
2025013,4,14,16,23,24,30,14
2025012,7,11,13,18,27,31,11
2025011,6,13,17,22,24,29,11
2025010,4,6,7,16,17,21,8
2025009,2,4,11,12,23,25,6
2025008,9,14,16,17,25,33,11
2025007,7,8,14,18,21,27,11
2025006,1,7,8,17,20,22,6
2025005,10,16,19,27,28,30,9
2025004,3,7,17,27,29,32,4
2025003,10,19,20,26,28,29,15
2025002,9,12,13,15,22,26,11
2025001,2,3,17,18,22,33,16
2024151,5,10,16,19,29,32,4
2024150,13,14,20,22,26,32,2
2024149,3,9,16,17,18,22,16
2024148,2,6,15,16,21,23,11
2024147,5,11,13,16,21,30,10
2024146,2,4,11,22,27,32,10
2024145,1,3,16,22,23,30,3
2024144,2,9,11,17,20,30,11
2024143,2,5,11,22,30,33,10
2024142,4,6,13,21,22,25,6
2024141,1,2,7,15,24,29,12
2024140,4,7,8,17,22,26,15
2024139,15,16,20,22,23,29,14
2024138,2,7,11,21,27,28,2
2024137,4,9,10,19,26,27,12
2024136,3,11,15,21,25,26,3
2024135,5,11,17,18,30,31,13
2024134,2,4,13,16,18,20,16
2024133,1,11,15,27,30,33,1
2024132,1,4,25,27,28,33,3
2024131,4,5,11,15,20,32,13
2024130,1,8,12,17,19,24,16
2024129,9,10,13,19,24,32,1
2024128,1,8,13,18,20,26,16
2024127,2,5,13,20,27,32,10
2024126,14,18,23,24,26,33,10
2024125,1,4,13,18,26,30,3
2024124,2,14,15,17,25,30,11
2024123,2,15,22,26,30,33,4
2024122,5,7,9,16,17,29,15
2024121,1,7,10,13,27,33,3
2024120,1,5,7,11,18,19,7
2024119,2,9,26,27,31,32,14
2024118,2,3,4,6,11,15,14
2024117,3,12,14,16,29,32,12
2024116,1,15,20,22,31,32,3
2024115,3,10,11,19,27,28,7
2024114,7,11,18,24,27,32,4
2024113,4,5,23,24,26,31,11
2024112,8,11,16,25,29,32,3
2024111,1,4,11,12,22,30,16
2024110,4,13,17,23,25,33,14
2024109,3,4,24,28,29,33,9
2024108,1,8,9,23,24,30,8
2024107,1,6,8,13,17,19,9
2024106,3,8,11,22,31,33,4
2024105,2,5,17,19,29,33,4
2024104,5,16,23,24,26,29,4
2024103,12,21,23,27,32,33,15
2024102,9,15,18,21,22,25,1
2024101,8,12,15,17,19,30,8
2024100,13,14,19,20,27,30,5
2024099,4,12,17,24,26,27,16
2024098,3,8,10,20,30,31,2
2024097,4,10,12,13,18,30,3
2024096,2,4,14,18,23,27,13
2024095,4,6,9,14,16,21,3
2024094,6,13,17,22,25,27,9
2024093,1,5,7,11,12,15,12
2024092,3,8,11,12,18,29,5
2024091,13,15,16,19,20,24,10
2024090,7,11,17,24,31,32,12
2024089,3,6,9,15,18,31,1
2024088,3,8,10,17,30,32,10
2024087,3,9,18,19,20,26,11
2024086,17,19,20,23,25,31,2
2024085,1,5,15,21,23,27,15
2024084,1,8,10,13,19,29,13
2024083,3,9,14,29,32,33,15
2024082,1,2,13,16,17,29,16
2024081,1,6,12,17,23,25,4
2024080,6,11,12,27,29,30,13
2024079,2,3,6,7,16,26,4
2024078,5,9,14,21,22,26,12
2024077,1,4,6,14,17,22,8
2024076,3,22,24,27,29,32,15
2024075,3,5,8,18,22,28,1
2024074,7,8,10,22,24,32,7
2024073,3,9,12,18,28,30,1
2024072,1,14,20,21,23,27,6
2024071,2,8,19,28,30,31,14
2024070,4,13,18,20,22,28,5
2024069,6,13,20,21,24,32,6
2024068,1,2,7,19,20,21,1
2024067,1,11,13,17,25,29,3
2024066,8,9,12,22,26,32,13
2024065,3,5,9,10,19,22,14
2024064,6,8,17,18,28,30,5
2024063,7,14,16,23,28,32,4
2024062,1,7,10,16,18,27,16
2024061,1,9,18,22,25,28,2
2024060,1,2,6,10,22,28,15
2024059,1,3,14,25,31,33,7
2024058,8,12,13,17,27,29,13
2024057,3,8,17,18,23,31,8
2024056,5,18,20,24,25,26,6
2024055,2,4,6,7,16,29,3
2024054,8,13,20,25,31,32,3
2024053,7,14,21,22,28,33,7
2024052,7,10,11,15,17,21,3
2024051,5,9,13,20,23,28,6
2024050,1,3,7,10,22,33,2
2024049,12,15,17,23,26,32,11
2024048,2,9,15,19,26,28,2
2024047,7,8,21,26,29,30,15
2024046,2,6,10,11,17,29,15
2024045,2,8,19,23,24,26,3
2024044,2,6,17,25,32,33,6
2024043,4,6,7,14,15,24,8
2024042,2,4,5,14,26,32,14
2024041,2,9,12,22,25,33,16
2024040,11,14,18,19,23,26,2
2024039,2,6,12,29,30,31,10
2024038,8,10,18,23,27,31,2
2024037,1,4,5,6,12,14,13
2024036,2,8,9,12,21,31,2
2024035,5,7,14,17,22,32,6
2024034,2,9,12,19,21,31,4
2024033,6,10,11,18,20,32,5
2024032,1,3,4,11,12,21,16
2024031,9,10,13,25,30,32,2
2024030,1,8,22,25,29,33,10
2024029,12,18,23,25,28,33,4
2024028,3,7,8,11,18,19,5
2024027,2,6,13,27,28,32,13
2024026,4,7,18,19,20,25,6
2024025,8,15,21,22,25,33,13
2024024,3,7,21,24,26,30,10
2024023,1,10,22,25,28,32,10
2024022,2,9,11,14,18,26,6
2024021,4,6,16,17,23,24,11
2024020,3,8,12,14,17,33,8
2024019,5,11,12,16,17,20,8
2024018,6,15,17,24,28,29,16
2024017,4,17,19,20,25,32,4
2024016,7,12,20,24,32,33,4
2024015,3,8,17,18,20,30,15
2024014,1,2,10,22,24,25,13
2024013,1,7,10,14,21,25,7
2024012,1,3,7,18,22,28,15
2024011,8,12,16,20,27,31,6
2024010,11,16,20,21,23,24,4
2024009,1,4,7,10,17,23,14
2024008,8,20,21,23,27,30,13
2024007,4,5,6,7,20,22,15
2024006,7,18,20,21,26,32,5
2024005,5,6,20,23,25,32,3
2024004,9,13,17,18,21,27,4
2024003,1,5,8,13,32,33,3
2024002,4,9,10,17,19,20,9
2024001,3,7,16,26,27,32,16
2023151,1,15,16,20,25,27,5
2023150,10,17,25,26,30,33,5
2023149,2,10,19,24,26,33,15
2023148,3,5,7,9,19,20,8
2023147,5,6,14,16,19,32,12
2023146,2,3,6,11,20,32,9
2023145,7,10,21,22,23,24,11
2023144,12,16,17,22,25,27,8
2023143,5,7,9,16,23,30,15
2023142,2,8,20,21,27,33,14
2023141,1,8,11,12,21,23,3
2023140,3,4,11,14,30,31,5
2023139,12,14,19,21,27,31,11
2023138,3,22,28,30,31,33,4
2023137,3,12,17,19,23,27,11
2023136,3,5,10,21,22,26,10
2023135,5,6,11,13,28,30,7
2023134,5,8,9,17,22,33,4
2023133,4,5,10,14,22,25,3
2023132,3,9,11,15,25,27,1
2023131,6,7,14,20,26,32,1
2023130,4,10,17,22,23,32,16
2023129,8,9,12,17,32,33,4
2023128,7,16,20,21,27,33,1
2023127,3,8,19,22,26,32,14
2023126,10,24,26,28,29,31,16
2023125,11,14,15,27,30,33,4
2023124,2,3,17,18,25,30,11
2023123,10,13,15,22,29,32,15
2023122,7,8,14,18,20,30,5
2023121,2,12,16,25,30,31,12
2023120,3,8,13,24,27,29,8
2023119,1,2,3,19,21,28,15
2023118,1,2,11,19,25,29,4
2023117,2,11,14,17,18,28,8
2023116,2,8,9,13,24,27,12
2023115,2,7,16,21,26,27,16
2023114,7,9,15,16,17,26,9
2023113,1,2,13,18,25,27,3
2023112,9,12,13,22,24,31,4
2023111,5,6,12,17,20,33,9
2023110,2,6,20,25,29,33,16
2023109,6,8,10,13,16,28,13
2023108,1,3,6,8,18,24,9
2023107,3,7,18,25,29,33,14
2023106,7,9,10,20,22,24,7
2023105,1,3,5,26,30,32,16
2023104,10,19,23,25,30,31,12
2023103,5,6,13,24,25,29,15
2023102,1,9,10,13,21,28,10
2023101,1,5,9,15,18,26,4
2023100,5,6,12,15,23,25,4
2023099,9,11,14,19,27,33,5
2023098,2,10,11,14,21,27,11
2023097,1,9,14,19,29,30,15
2023096,8,11,18,26,31,32,15
2023095,3,8,16,17,22,26,11
2023094,6,10,12,14,30,31,12
2023093,10,21,24,25,27,32,7
2023092,3,12,24,25,32,33,13
2023091,16,20,22,26,30,32,16
2023090,1,2,9,26,30,31,7
2023089,8,13,15,27,28,31,11
2023088,1,14,18,26,31,33,5
2023087,2,9,15,17,28,33,1
2023086,8,9,10,22,26,32,12
2023085,11,18,23,24,31,33,13
2023084,9,13,14,17,19,27,3
2023083,7,10,12,16,17,30,12
2023082,4,18,19,24,27,30,16
2023081,1,11,15,16,22,31,15
2023080,1,2,4,9,25,31,8
2023079,5,6,9,12,21,22,7
2023078,6,8,14,19,30,31,8
2023077,7,9,14,22,26,27,1
2023076,3,4,15,18,19,22,9
2023075,13,15,24,28,30,31,1
2023074,2,8,9,18,19,21,3
2023073,1,3,15,16,25,32,10
2023072,2,6,10,24,25,33,9
2023071,5,12,15,19,24,26,6
2023070,3,5,25,31,32,33,4
2023069,12,14,17,20,21,26,2
2023068,11,12,15,18,29,33,2
2023067,1,3,12,19,28,32,14
2023066,2,7,8,10,26,31,6
2023065,2,14,17,20,26,33,14
2023064,1,7,11,12,16,18,4
2023063,4,8,17,20,22,27,13
2023062,11,19,23,24,26,33,15
2023061,1,4,6,11,12,22,15
2023060,9,11,17,19,30,31,11
2023059,2,6,13,22,27,32,6
2023058,10,17,22,26,30,33,11
2023057,2,5,10,17,24,32,3
2023056,8,14,15,18,23,33,8
2023055,3,4,20,23,27,32,13
2023054,5,6,9,10,15,26,12
2023053,1,7,14,20,27,30,15
2023052,3,4,5,8,12,17,6
2023051,22,26,29,30,32,33,14
2023050,2,7,9,14,22,23,5
2023049,5,7,14,23,25,27,2
2023048,2,3,10,24,28,30,8
2023047,5,7,14,23,31,33,7
2023046,6,8,17,25,26,28,3
2023045,3,6,12,21,27,28,4
2023044,2,8,15,22,24,26,16
2023043,5,8,12,20,24,28,10
2023042,10,17,20,23,27,30,10
2023041,1,6,12,13,15,24,6
2023040,9,16,17,24,29,31,8
2023039,2,3,9,13,19,28,9
2023038,2,9,14,17,31,33,8
2023037,8,23,25,26,29,31,12
2023036,13,14,18,19,24,30,9
2023035,1,4,9,10,20,33,6
2023034,2,3,9,11,12,17,15
2023033,8,9,13,23,24,26,5
2023032,6,19,20,26,28,33,1
2023031,7,14,27,29,31,33,5
2023030,2,3,7,16,30,31,6
2023029,3,7,12,24,28,33,8
2023028,5,7,10,17,20,22,14
2023027,8,10,22,27,32,33,8
2023026,1,18,26,30,31,33,3
2023025,4,16,20,21,31,32,14
2023024,3,6,9,17,27,28,3
2023023,5,8,10,15,24,25,9
2023022,10,11,18,19,23,31,3
2023021,2,5,6,19,21,27,4
2023020,1,12,17,18,26,27,5
2023019,6,12,26,28,29,32,15
2023018,10,12,17,19,25,31,13
2023017,5,11,18,20,26,28,12
2023016,14,16,19,23,28,30,3
2023015,2,3,14,21,29,32,8
2023014,6,7,18,23,27,30,5
2023013,6,10,14,22,23,33,13
2023012,3,4,7,22,26,30,6
2023011,6,7,16,17,21,22,4
2023010,4,5,13,18,27,29,12
2023009,3,4,19,23,30,32,6
2023008,5,13,18,20,26,28,6
2023007,5,6,9,22,25,31,3
2023006,2,10,12,14,24,26,5
2023005,2,6,8,13,14,19,16
2023004,1,7,15,16,20,25,16
2023003,5,8,18,25,30,32,6
2023002,2,6,10,16,18,22,13
2023001,9,16,18,22,28,32,2
2022150,1,7,11,12,22,28,5
2022149,2,22,26,29,32,33,14
2022148,2,15,16,17,21,31,14
2022147,2,3,7,13,20,30,10
2022146,6,7,13,18,26,31,6
2022145,3,21,25,30,31,33,11
2022144,7,20,22,23,31,32,5
2022143,7,8,13,29,30,33,3
2022142,1,3,13,16,21,27,3
2022141,5,12,13,17,20,27,14
2022140,8,9,18,19,20,27,15
2022139,6,7,9,16,17,19,14
2022138,2,14,19,21,25,28,11
2022137,8,21,23,27,28,33,1
2022136,8,10,14,15,18,22,8
2022135,9,11,13,24,28,32,6
2022134,1,5,14,17,24,31,14
2022133,5,8,16,17,21,25,12
2022132,1,3,18,26,32,33,4
2022131,3,5,10,13,19,29,6
2022130,2,8,15,17,26,28,12
2022129,10,12,14,22,24,27,7
2022128,3,12,18,24,27,29,1
2022127,3,4,9,10,29,33,13
2022126,1,13,15,17,26,33,13
2022125,2,3,7,12,20,31,16
2022124,5,10,13,18,24,26,1
2022123,10,13,16,20,21,25,5
2022122,6,8,17,19,24,28,5
2022121,12,17,22,27,30,31,2
2022120,2,15,19,26,27,29,2
2022119,2,5,15,18,26,27,4
2022118,2,6,7,11,14,33,8
2022117,4,13,17,18,28,29,6
2022116,8,14,26,27,30,33,1
2022115,6,7,18,20,27,29,9
2022114,1,5,15,19,26,29,13
2022113,13,14,20,24,27,29,2
2022112,3,5,8,17,25,31,1
2022111,2,10,11,13,28,31,1
2022110,9,13,15,18,20,28,15
2022109,4,11,13,19,22,33,11
2022108,1,7,13,17,18,31,15
2022107,3,9,11,15,19,28,16
2022106,17,20,22,23,24,31,1
2022105,6,12,13,15,21,23,15
2022104,1,8,19,25,26,31,1
2022103,6,9,12,14,20,28,10
2022102,9,10,12,18,29,32,14
2022101,4,16,18,19,27,28,4
2022100,2,6,7,15,20,21,15
2022099,1,11,23,24,26,32,15
2022098,2,3,4,6,21,33,5
2022097,4,5,10,13,30,31,14
2022096,3,16,17,19,25,33,7
2022095,4,13,14,18,20,28,8
2022094,6,11,13,16,19,31,2
2022093,21,22,24,28,29,32,14
2022092,7,10,16,20,21,27,11
2022091,8,18,20,22,24,28,10
2022090,1,4,25,27,29,30,7
2022089,2,7,15,29,31,33,15
2022088,3,9,15,17,20,22,6
2022087,5,6,9,13,23,25,8
2022086,1,4,8,21,23,24,11
2022085,7,9,14,31,32,33,13
2022084,3,18,23,24,25,32,9
2022083,8,12,13,14,19,20,5
2022082,4,10,11,23,30,32,14
2022081,4,8,11,21,27,30,1
2022080,5,12,15,17,18,27,4
2022079,1,9,15,17,22,23,16
2022078,1,4,5,15,17,31,9
2022077,3,17,18,19,20,27,16
2022076,8,9,10,13,24,29,2
2022075,1,2,4,25,26,30,10
2022074,5,7,15,19,29,33,15
2022073,6,10,14,15,26,29,12
2022072,5,14,15,16,18,32,12
2022071,4,7,15,18,29,33,1
2022070,4,6,9,27,28,33,2
2022069,6,7,13,19,26,29,8
2022068,7,12,15,24,26,29,6
2022067,1,5,13,21,26,29,15
2022066,6,11,14,20,27,30,9
2022065,9,14,18,23,28,31,2
2022064,4,6,12,13,17,31,16
2022063,6,8,9,17,22,31,11
2022062,16,18,20,21,23,33,5
2022061,1,3,16,18,29,33,6
2022060,16,18,19,24,28,32,1
2022059,6,9,18,19,29,33,6
2022058,6,13,14,23,31,33,1
2022057,12,15,20,26,30,33,16
2022056,1,6,11,14,17,26,15
2022055,2,4,9,26,28,33,3
2022054,8,12,21,27,28,33,11
2022053,10,14,18,23,27,33,15
2022052,7,24,27,29,31,32,15
2022051,2,5,11,17,21,33,1
2022050,3,5,8,14,27,33,8
2022049,2,4,7,18,25,26,10
2022048,5,7,17,20,26,31,14
2022047,3,7,8,14,27,30,9
2022046,2,11,24,25,27,30,14
2022045,3,12,17,18,19,28,4
2022044,1,7,8,21,23,29,6
2022043,2,17,20,23,25,27,8
2022042,5,10,11,21,22,30,13
2022041,5,7,21,22,24,29,14
2022040,3,12,14,16,31,33,12
2022039,2,6,7,10,15,20,5
2022038,9,12,13,16,24,32,4
2022037,1,10,13,20,22,32,14
2022036,2,3,14,16,26,31,2
2022035,8,12,13,19,23,25,15
2022034,14,17,26,31,32,33,10
2022033,5,12,19,22,25,26,5
2022032,4,10,11,14,23,32,7
2022031,1,10,11,22,26,32,7
2022030,12,23,24,26,27,30,5
2022029,3,8,10,13,26,32,8
2022028,5,11,20,22,23,29,9
2022027,14,15,18,19,26,32,9
2022026,3,4,10,15,22,24,2
2022025,6,19,24,25,28,32,4
2022024,7,9,10,14,19,24,15
2022023,7,12,17,19,24,25,2
2022022,1,7,11,15,17,19,6
2022021,3,7,22,24,26,31,14
2022020,9,11,14,22,30,32,1
2022019,5,6,14,20,21,25,8
2022018,7,11,16,17,30,32,16
2022017,6,9,24,29,30,32,7
2022016,5,10,19,20,29,31,14
2022015,6,14,16,27,28,31,7
2022014,6,7,13,14,15,27,4
2022013,2,3,4,7,10,18,15
2022012,4,7,8,29,30,31,1
2022011,6,15,23,24,25,33,15
2022010,12,18,19,20,21,32,15
2022009,4,15,17,19,25,28,16
2022008,2,3,7,9,20,21,13
2022007,1,20,22,23,25,28,16
2022006,3,6,9,15,22,31,2
2022005,7,10,12,16,19,31,16
2022004,5,19,24,28,30,32,14
2022003,2,5,16,17,18,30,6
2022002,2,12,21,23,25,31,8
2022001,6,13,15,17,20,21,3
2021150,9,14,20,21,24,26,4
2021149,5,10,15,18,19,32,5
2021148,10,12,15,17,19,20,8
2021147,5,10,11,13,27,28,9
2021146,7,9,21,22,26,32,3
2021145,4,7,10,14,16,26,9
2021144,2,5,13,15,23,26,7
2021143,1,9,11,13,20,29,9
2021142,4,7,17,19,20,24,16
2021141,1,14,19,23,26,30,10
2021140,5,10,16,26,27,33,1
2021139,12,14,19,23,24,27,1
2021138,11,14,15,16,27,32,9
2021137,3,7,10,14,21,24,1
2021136,2,6,9,15,19,28,16
2021135,3,10,17,19,21,31,4
2021134,1,2,16,19,25,31,8
2021133,1,3,12,19,27,31,10
2021132,1,4,6,14,20,28,8
2021131,8,11,18,19,20,24,1
2021130,8,9,15,24,26,30,6
2021129,4,15,21,27,28,29,10
2021128,5,17,20,21,23,33,4
2021127,7,15,16,20,27,29,7
2021126,19,20,23,27,28,31,1
2021125,14,19,20,23,24,31,9
2021124,1,3,18,22,29,32,2
2021123,6,14,15,19,29,31,5
2021122,4,5,12,15,18,28,7
2021121,4,5,12,16,22,30,15
2021120,1,7,8,12,13,18,5
2021119,3,9,10,11,28,29,13
2021118,2,6,14,18,20,31,13
2021117,3,5,17,21,27,33,4
2021116,6,14,17,18,31,33,6
2021115,2,10,12,15,24,27,8
2021114,4,6,8,14,24,27,2
2021113,4,7,10,22,27,30,2
2021112,5,6,21,25,28,33,7
2021111,17,20,22,23,26,28,6
2021110,10,13,15,24,31,32,2
2021109,2,3,10,17,20,26,16
2021108,11,15,18,24,26,32,9
2021107,2,3,17,19,25,30,1
2021106,1,4,7,14,30,31,3
2021105,10,14,15,22,27,32,9
2021104,1,7,17,20,22,28,15
2021103,10,13,15,25,29,30,15
2021102,5,9,15,24,27,30,9
2021101,2,4,12,22,29,31,1
2021100,7,9,12,13,14,29,16
2021099,9,11,17,18,20,27,15
2021098,1,10,13,18,26,32,5
2021097,3,11,12,13,25,28,12
2021096,1,7,11,14,15,26,11
2021095,8,12,17,24,27,28,13
2021094,9,11,24,25,28,33,15
2021093,5,11,15,23,28,33,3
2021092,2,7,8,10,12,31,3
2021091,4,6,16,24,26,33,16
2021090,5,6,12,14,27,28,8
2021089,1,2,7,13,23,24,12
2021088,4,12,15,16,19,26,6
2021087,2,13,16,19,23,24,4
2021086,6,8,10,14,28,29,1
2021085,5,6,7,11,14,20,2
2021084,5,7,9,11,21,28,1
2021083,4,9,11,25,28,33,4
2021082,3,6,11,13,26,32,5
2021081,1,3,5,18,22,23,1
2021080,5,8,22,23,24,29,9
2021079,1,3,10,24,28,29,13
2021078,4,6,15,26,27,31,12
2021077,8,15,17,25,27,30,10
2021076,3,9,21,23,30,32,6
2021075,12,15,16,21,22,29,1
2021074,4,5,9,14,25,27,7
2021073,1,6,18,22,24,25,8
2021072,1,9,15,16,19,21,15
2021071,1,7,24,31,32,33,8
2021070,1,5,11,15,16,29,15
2021069,6,11,18,20,23,26,5
2021068,4,14,18,24,31,32,15
2021067,1,11,19,23,25,29,9
2021066,2,6,19,26,30,33,15
2021065,1,4,8,19,29,33,16
2021064,4,6,8,15,16,18,16
2021063,4,5,6,9,23,24,9
2021062,12,13,15,20,22,25,10
2021061,4,9,12,18,20,23,1
2021060,10,11,17,20,29,30,15
2021059,1,9,11,18,32,33,14
2021058,9,11,13,18,19,28,14
2021057,5,6,9,17,25,33,16
2021056,8,21,22,23,29,32,1
2021055,3,11,12,16,22,28,10
2021054,7,13,21,22,24,31,2
2021053,7,10,14,16,24,33,16
2021052,3,4,6,19,21,30,14
2021051,8,9,10,19,27,29,15
2021050,2,9,10,16,25,28,8
2021049,4,11,13,22,25,32,1
2021048,4,15,17,22,29,32,3
2021047,3,7,13,16,24,29,1
2021046,5,9,13,21,28,33,6
2021045,1,4,14,15,17,32,2
2021044,5,7,14,17,26,28,13
2021043,2,3,17,18,23,24,1
2021042,5,9,10,22,25,27,8
2021041,2,9,18,23,26,32,14
2021040,2,6,7,24,28,29,16
2021039,2,8,21,24,29,31,13
2021038,5,7,9,16,18,27,6
2021037,13,17,19,24,26,30,12
2021036,1,2,6,11,21,26,11
2021035,12,14,18,20,26,28,11
2021034,4,10,12,18,23,25,1
2021033,2,12,13,14,31,33,6
2021032,1,5,8,15,16,30,3
2021031,6,11,21,25,28,31,7
2021030,8,9,13,27,29,31,5
2021029,8,10,15,17,22,30,12
2021028,11,16,23,26,27,33,5
2021027,5,7,9,16,20,26,8
2021026,3,5,13,19,20,25,3
2021025,6,8,14,17,18,30,11
2021024,1,4,6,10,11,18,2
2021023,2,21,22,23,27,28,11
2021022,10,15,17,25,31,32,6
2021021,4,8,17,24,28,33,13
2021020,1,3,6,7,9,11,2
2021019,12,16,17,24,28,29,8
2021018,2,8,14,23,25,32,6
2021017,9,15,18,29,32,33,2
2021016,3,8,9,13,15,18,10
2021015,6,14,16,26,28,29,7
2021014,4,15,21,25,29,33,6
2021013,6,9,12,16,27,31,6
2021012,3,6,14,18,20,26,1
2021011,5,10,16,23,27,33,14
2021010,1,4,11,19,32,33,5
2021009,2,4,7,24,25,32,13
2021008,1,5,7,14,18,33,7
2021007,2,4,12,21,25,32,16
2021006,6,8,22,24,25,26,1
2021005,7,9,14,26,30,31,4
2021004,2,3,7,8,17,22,15
2021003,6,9,16,18,22,29,11
2021002,6,10,13,25,26,32,11
2021001,2,3,13,18,20,31,11
2020134,2,9,10,20,22,26,1
2020133,3,19,22,23,27,29,7
2020132,1,4,11,12,14,23,4
2020131,8,19,22,26,27,30,7
2020130,8,9,11,14,17,29,16
2020129,1,2,5,15,28,33,4
2020128,8,10,15,16,23,26,10
2020127,1,4,18,19,26,31,7
2020126,3,7,12,14,23,28,11
2020125,5,12,16,26,30,31,13
2020124,16,18,19,20,29,33,12
2020123,1,3,18,19,26,29,3
2020122,12,15,17,24,26,31,15
2020121,2,4,6,21,25,29,3
2020120,1,2,3,4,9,10,12
2020119,1,9,22,28,32,33,15
2020118,11,13,19,26,30,33,5
2020117,7,8,9,10,16,27,7
2020116,5,6,14,16,19,27,10
2020115,1,4,12,20,25,32,2
2020114,1,5,11,24,30,32,3
2020113,1,3,7,10,22,32,11
2020112,2,9,12,17,28,32,5
2020111,6,9,17,22,24,26,16
2020110,2,6,9,14,22,25,4
2020109,6,13,16,20,23,32,13
2020108,10,12,15,17,23,32,5
2020107,3,9,11,24,25,28,16
2020106,2,4,11,15,18,28,10
2020105,6,14,19,20,22,24,1
2020104,4,8,10,16,27,29,9
2020103,4,9,10,22,28,32,8
2020102,9,10,19,25,26,29,8
2020101,10,17,24,25,28,30,15
2020100,1,7,15,16,20,23,7
2020099,5,6,11,12,15,30,12
2020098,6,8,11,22,25,33,2
2020097,2,8,21,25,26,30,10
2020096,1,20,23,26,27,32,15
2020095,3,9,16,17,20,26,2
2020094,10,15,17,27,29,31,8
2020093,4,5,10,13,15,19,15
2020092,1,6,12,18,22,24,3
2020091,1,9,11,12,16,19,16
2020090,2,21,23,26,31,32,6
2020089,2,14,16,21,29,30,10
2020088,1,6,12,26,29,30,12
2020087,11,15,20,23,25,33,10
2020086,2,4,6,15,24,27,6
2020085,1,2,5,9,19,24,16
2020084,3,7,16,17,23,30,7
2020083,1,19,25,26,30,31,12
2020082,2,8,11,17,21,30,9
2020081,1,5,13,14,27,33,15
2020080,14,15,18,22,31,33,1
2020079,5,12,20,21,22,29,14
2020078,3,11,14,16,21,32,4
2020077,3,10,16,21,25,27,12
2020076,10,15,16,18,20,27,6
2020075,3,11,13,20,24,30,16
2020074,4,8,9,13,19,33,12
2020073,5,7,11,13,27,29,3
2020072,6,8,10,15,17,26,4
2020071,9,11,12,13,22,23,8
2020070,1,2,4,6,19,21,15
2020069,3,9,10,13,18,26,4
2020068,12,16,21,26,27,32,10
2020067,4,7,9,23,27,30,8
2020066,2,9,13,17,26,28,7
2020065,9,15,18,21,23,26,8
2020064,1,3,7,21,27,32,1
2020063,12,15,16,22,29,32,14
2020062,10,14,17,22,26,27,5
2020061,8,17,24,26,27,31,4
2020060,5,9,14,20,24,30,8
2020059,2,4,10,17,22,25,14
2020058,1,3,11,12,19,26,7
2020057,9,14,21,23,26,32,3
2020056,2,5,8,12,26,31,14
2020055,1,5,7,23,28,30,12
2020054,3,10,19,25,26,31,2
2020053,2,14,15,16,32,33,1
2020052,2,8,13,29,32,33,15
2020051,3,6,8,11,19,28,8
2020050,4,9,17,20,32,33,15
2020049,1,7,9,12,18,22,4
2020048,12,14,18,23,30,32,2
2020047,4,10,17,19,28,32,1
2020046,13,19,25,26,27,32,8
2020045,2,3,15,21,22,33,16
2020044,7,8,16,17,19,24,7
2020043,1,11,24,25,27,30,7
2020042,2,6,7,11,14,31,3
2020041,6,7,16,22,24,25,13
2020040,1,6,12,16,19,21,4
2020039,2,9,10,11,16,29,2
2020038,1,6,7,18,23,24,15
2020037,1,4,11,13,17,24,15
2020036,7,9,16,22,24,32,6
2020035,10,14,24,25,28,33,11
2020034,2,8,15,16,26,32,3
2020033,7,10,12,21,31,32,1
2020032,3,11,13,14,15,26,13
2020031,2,5,9,15,16,27,9
2020030,17,18,21,29,30,32,3
2020029,1,12,18,20,30,32,5
2020028,5,6,15,18,26,32,8
2020027,12,13,14,24,25,28,6
2020026,1,4,9,18,19,31,6
2020025,1,9,10,15,20,29,2
2020024,10,13,27,28,29,31,8
2020023,4,5,20,21,30,33,8
2020022,2,10,20,22,25,30,2
2020021,2,6,14,16,27,31,7
2020020,1,6,9,13,15,22,14
2020019,15,19,27,28,30,33,3
2020018,5,7,8,11,17,22,13
2020017,2,4,7,15,20,27,4
2020016,5,6,8,17,24,27,7
2020015,8,9,22,24,30,33,1
2020014,2,7,8,10,12,16,7
2020013,2,8,10,20,21,30,14
2020012,4,13,14,23,26,31,9
2020011,4,5,7,17,18,29,1
2020010,11,14,22,27,31,32,9
2020009,3,6,8,14,19,26,12
2020008,1,4,6,10,11,28,16
2020007,5,12,17,20,25,31,10
2020006,3,4,5,10,16,32,9
2020005,11,16,17,22,26,32,4
2020004,2,15,17,27,32,33,3
2020003,9,17,26,29,30,32,3
2020002,4,9,14,15,16,29,11
2020001,2,15,23,26,29,30,2
2019151,2,6,9,18,24,26,14
2019150,2,9,14,22,27,29,2
2019149,1,6,27,28,31,33,7
2019148,9,10,13,20,26,27,8
2019147,1,9,12,14,23,27,12
2019146,1,4,10,12,30,32,14
2019145,1,8,13,17,18,19,16
2019144,2,12,15,19,27,30,3
2019143,5,13,15,16,26,32,9
2019142,8,14,24,27,29,33,9
2019141,10,13,14,15,17,33,14
2019140,2,4,9,11,14,22,5
2019139,8,14,20,23,30,33,11
2019138,2,6,12,30,31,32,11
2019137,7,10,13,19,23,31,6
2019136,12,14,15,17,29,33,12
2019135,3,6,10,11,27,33,3
2019134,1,4,6,22,29,30,3
2019133,3,7,16,21,24,31,7
2019132,4,6,11,14,19,33,7
2019131,9,17,19,20,24,31,4
2019130,1,7,9,11,24,32,16
2019129,3,4,7,9,15,26,7
2019128,3,8,12,16,17,19,8
2019127,2,6,7,12,17,24,10
2019126,2,14,17,29,32,33,16